function [pic,etac] = comp_map_11_1(mcwant, Ncwant)

allmc = [78.4473
   78.4451
   78.4386
   78.4332
   78.4277
   77.8988
   77.8933
   77.8922
   77.8824
   77.8727
   77.3448
   77.3350
   77.3230
   76.7919
   76.5225
   76.5171
   75.9848
   75.9783
   75.9707
   75.4417
   75.1734
   74.6412
   73.8493
   73.8439
   73.0553
   72.7914
   72.2646
   71.9984
   70.9503
  108.9440
  108.9360
  108.9310
  108.6620
  108.6540
  108.6430
  108.3730
  108.3680
  108.3590
  108.3530
  108.0860
  108.0780
  107.5480
  107.5430
  107.5280
  106.9920
  106.4610
  106.4590
  106.1850
  106.1800
  106.1750
  105.3840
  105.3770
  104.8470
  104.3190
  103.7920
  103.5240
  102.9970
  102.4660
  102.4580
  102.1900
  101.4000
  101.1340
  100.8670
   99.8198
   99.5505
   99.0247
  139.1880
  139.1820
  139.1770
  139.1720
  138.6430
  138.8930
  138.3620
  138.8770
  138.3490
  139.1220
  138.8570
  138.3300
  138.3230
  138.3160
  138.5710
  138.3110
  138.3010
  137.7760
  137.7690
  137.7620
  137.7560
  137.7480
  137.2190
  137.4740
  137.4680
  136.9400
  136.9320
  136.9250
  135.8740
  135.8580
  135.0690
  134.5350
  134.5260
  133.9990
  133.7330
  133.2000
  133.1910
  132.6590
  132.3900
  131.3360
  130.8040
  130.0180
  129.4860
  129.2190
  128.4290
  127.6400
  127.3670
  126.0560
  169.6820
  169.6750
  169.6670
  169.1400
  168.8700
  169.1220
  168.5960
  168.5880
  168.5830
  168.5800
  168.5690
  168.5670
  168.5610
  168.2950
  168.2870
  168.2830
  168.0140
  168.0080
  167.9950
  167.9850
  167.9800
  167.7140
  167.7100
  167.4400
  167.4300
  167.1610
  166.8930
  166.8850
  166.6180
  165.5690
  165.2970
  165.0270
  165.0210
  164.7530
  164.7400
  164.2080
  163.4170
  163.4050
  162.3500
  162.0810
  162.0740
  161.5450
  160.7530
  160.2210
  159.6940
  159.4260
  159.1580
  158.3690
  157.5800
  157.0480
  156.7760
  155.9910
  155.4600
  154.6710
  153.6190
  153.3510
  152.0440
  200.1880
  200.1840
  200.1790
  200.1710
  200.1650
  200.1590
  200.1560
  199.6280
  199.6230
  199.6170
  199.6140
  199.6100
  199.6100
  199.6050
  199.6010
  199.5960
  199.0710
  199.0630
  199.0540
  198.7850
  198.5160
  199.0280
  199.0220
  198.7520
  198.4840
  198.4790
  198.4740
  198.4650
  198.2000
  198.1930
  197.9270
  197.9220
  197.9180
  197.9130
  197.9120
  197.6450
  197.6430
  197.6400
  197.3710
  197.1020
  196.5750
  196.8270
  196.3010
  196.2980
  196.2930
  195.7600
  195.7530
  195.7480
  195.4850
  195.2140
  194.4260
  193.8980
  193.6320
  193.6220
  193.6140
  193.3410
  192.8140
  191.7640
  191.7520
  191.7500
  190.9650
  190.9600
  190.9560
  190.1710
  190.4230
  190.4150
  189.6250
  188.8320
  188.8280
  188.0380
  186.9840
  186.7110
  185.6630
  185.1280
  184.3380
  184.3320
  183.2820
  181.9710
  181.4400
  180.6510
  180.1220];


allpic = [
    0.9204
    1.0212
    1.3237
    1.5758
    1.8279
    2.1804
    2.4325
    2.4829
    2.9367
    3.3904
    3.6925
    4.1463
    4.7009
    5.1542
    5.5573
    5.8094
    6.3132
    6.6157
    6.9686
    7.3211
    7.6738
    8.1776
    8.6307
    8.8828
    9.1847
    9.3357
    9.5874
    9.8393
   10.0905
    1.0963
    1.4492
    1.7013
    2.1044
    2.4573
    2.9615
    3.4150
    3.6167
    4.0705
    4.3226
    4.6249
    4.9778
    5.3807
    5.6328
    6.3386
    6.9936
    7.4470
    7.5478
    8.1526
    8.4047
    8.6064
    9.0091
    9.3620
    9.7650
   10.0670
   10.3187
   10.6714
   10.9231
   11.3764
   11.7293
   12.0821
   12.4343
   12.6862
   12.9885
   13.1894
   13.5925
   13.7937
    0.9190
    1.1711
    1.4232
    1.6248
    1.9773
    2.4817
    2.9351
    3.2380
    3.5401
    3.9440
    4.1455
    4.4476
    4.7501
    5.0526
    5.3553
    5.3047
    5.7584
    5.9597
    6.2622
    6.5647
    6.8672
    7.2201
    7.5726
    7.8754
    8.1274
    8.4295
    8.8329
    9.1354
    9.5379
   10.2437
   10.5960
   11.1502
   11.6040
   11.8556
   12.1075
   12.6113
   13.0650
   13.5184
   13.9215
   14.4248
   14.9286
   15.1296
   15.6334
   15.8853
   16.2880
   16.5898
   17.1442
   17.4961
    1.1957
    1.5486
    1.9015
    2.1532
    2.6067
    3.0103
    3.2115
    3.5645
    3.8165
    3.9678
    4.4720
    4.5728
    4.8249
    5.0768
    5.4297
    5.6314
    6.0345
    6.2866
    6.8916
    7.3454
    7.5975
    7.8493
    8.0510
    8.4541
    8.9079
    9.3110
    9.6637
   10.0167
   10.3190
   10.6206
   11.1246
   11.5781
   11.8302
   12.1829
   12.7880
   13.2917
   13.6944
   14.2490
   14.8028
   15.2059
   15.5084
   15.8609
   16.3140
   16.8178
   17.0695
   17.4222
   17.7749
   18.0768
   18.4291
   18.8824
   19.4368
   19.5874
   19.9903
   20.3426
   20.7451
   21.0978
   21.2480
    0.9682
    1.1194
    1.3715
    1.7245
    2.0270
    2.2790
    2.4303
    2.7324
    2.9845
    3.2366
    3.3878
    3.5895
    3.5895
    3.7912
    3.9928
    4.2449
    4.3957
    4.7487
    5.2024
    5.5552
    5.9583
    6.4125
    6.6646
    7.1181
    7.4204
    7.6725
    7.9246
    8.3279
    8.5294
    8.8319
    9.0838
    9.3358
    9.4871
    9.7392
    9.7896
   10.0919
   10.1927
   10.2936
   10.6967
   11.0998
   11.3515
   11.7551
   11.9563
   12.1076
   12.3092
   12.8634
   13.2163
   13.4180
   13.5186
   14.0226
   14.2740
   14.5761
   14.8280
   15.2818
   15.6851
   16.2395
   16.4912
   16.8432
   17.3978
   17.4987
   17.6493
   17.8510
   18.0526
   18.2033
   18.6068
   18.9597
   19.3120
   19.8156
   20.0172
   20.3695
   20.9233
   21.4777
   21.7289
   22.3335
   22.7362
   22.9883
   23.3404
   23.6923
   24.1456
   24.4475
   24.8000];


